0.015148094344139098
0.014079720873832703
0.013563688735961914
0.013649706497192382
0.013634054107666016
0.01256840142250061
0.012324951500892639
0.012226095662117005
0.012106655468940734
0.012026086964607238
0.011384636540412902
0.011209918575286866
0.01113259560585022
0.011096961212158203
0.011099856693744659
0.010746290085315705
0.010622202813625336
0.01055523309469223
0.010514664180278778
0.010451166477203368
0.010307818500995635
0.010224390714168549
0.010220988209247588
0.010172917182445526
0.010125364634990692
0.010006641409397126
0.010004481544494629
0.010010411050319672
0.009926340918540954
0.009907360476255418
