1.467600000000000016e-01
2.513200000000000434e-01
2.862800000000000344e-01
3.146200000000000108e-01
3.331200000000000272e-01
3.494400000000000284e-01
3.657000000000000250e-01
3.702400000000000135e-01
3.811800000000000188e-01
3.954800000000000537e-01
4.012600000000000056e-01
4.043000000000000482e-01
4.081400000000000583e-01
4.135000000000000342e-01
4.151200000000000445e-01
4.162200000000000344e-01
4.218400000000000483e-01
4.232000000000000206e-01
4.245600000000000485e-01
4.225800000000000112e-01
4.244800000000000240e-01
4.246000000000000330e-01
4.256400000000000183e-01
4.293400000000000549e-01
4.303600000000000203e-01
4.279400000000000426e-01
4.297000000000000264e-01
4.283400000000000540e-01
4.287400000000000100e-01
4.278400000000000536e-01
