1.703543871641158974e-02
1.542560448646545374e-02
1.466769614219665466e-02
1.403592079877853324e-02
1.356420911550521892e-02
1.330234383344650224e-02
1.302296261787414498e-02
1.279712234735488896e-02
1.252914310693740811e-02
1.240198802947998016e-02
1.224243965148925743e-02
1.214005348682403555e-02
1.207550548315048169e-02
1.197437301874160719e-02
1.196689791679382379e-02
1.190382653474807671e-02
1.183779679536819431e-02
1.181136853694915792e-02
1.177893738746643021e-02
1.174145389795303376e-02
1.174345219135284474e-02
1.171697645187377845e-02
1.171100106239318824e-02
1.168841202259063641e-02
1.168627488613128637e-02
1.167319743633270235e-02
1.165993140935897912e-02
1.165884461402892994e-02
1.165584094524383524e-02
1.164489156007766750e-02
