2.363999999999999990e-01
2.853999999999999870e-01
3.261999999999999900e-01
3.632000000000000228e-01
3.787000000000000366e-01
3.934000000000000274e-01
4.032999999999999918e-01
4.163999999999999924e-01
4.306000000000000383e-01
4.333000000000000185e-01
4.404000000000000137e-01
4.470000000000000084e-01
4.494000000000000217e-01
4.532000000000000473e-01
4.546000000000000041e-01
4.568000000000000393e-01
4.586999999999999966e-01
4.624000000000000332e-01
4.640000000000000235e-01
4.675000000000000266e-01
4.683000000000000496e-01
4.686000000000000165e-01
4.688000000000000500e-01
4.697999999999999954e-01
4.696000000000000174e-01
4.692999999999999949e-01
4.709000000000000408e-01
4.706000000000000183e-01
4.710000000000000298e-01
4.740000000000000324e-01
