1.767524275779724235e-02
1.613030550956726095e-02
1.527990089654922452e-02
1.468406963348388612e-02
1.421787384271621692e-02
1.387432553052902161e-02
1.362461375713348334e-02
1.343491976976394706e-02
1.322683616638183589e-02
1.301409802675247175e-02
1.287108729600906429e-02
1.279504147052764815e-02
1.272341406345367347e-02
1.261909909248352078e-02
1.259173397541046152e-02
1.254727448225021434e-02
1.249243750572204617e-02
1.247227920293808058e-02
1.244973617076873713e-02
1.240766561031341614e-02
1.238547701835632404e-02
1.238028872013091988e-02
1.236387995481491066e-02
1.233141101121902443e-02
1.234390336275100787e-02
1.235230928421020453e-02
1.230405363798141478e-02
1.228915881156921429e-02
1.229337074279785239e-02
1.231305571317672758e-02
