4.269899127483368223e-03
4.250032176971435711e-03
4.213272213935852217e-03
4.128959654569625687e-03
3.967984438538551747e-03
3.856306934356689559e-03
3.803442597389221184e-03
3.751009055972099378e-03
3.708917958736419624e-03
3.675539529919624477e-03
3.649308406114578143e-03
3.635411522388458296e-03
3.623790782690048187e-03
3.605979225039482317e-03
3.591702501773834291e-03
3.583095675110816759e-03
3.578624859452247519e-03
3.566960438489913746e-03
3.571949033737182796e-03
3.560224354863166917e-03
3.554133837819099372e-03
3.561608455777168138e-03
3.552490498423576445e-03
3.555461165308952502e-03
3.547496036291122260e-03
3.548211156129836823e-03
3.542324975132942182e-03
3.548335803747177004e-03
3.539042042493820150e-03
3.542430405020713640e-03
