1.227000000000000035e-01
1.440000000000000169e-01
1.837000000000000022e-01
2.411999999999999977e-01
2.626000000000000001e-01
2.782000000000000028e-01
2.863999999999999879e-01
2.967000000000000193e-01
3.062000000000000277e-01
3.115999999999999881e-01
3.135999999999999899e-01
3.195000000000000062e-01
3.225999999999999979e-01
3.243000000000000327e-01
3.281999999999999917e-01
3.284000000000000252e-01
3.290000000000000147e-01
3.311000000000000054e-01
3.328000000000000402e-01
3.333000000000000407e-01
3.334000000000000297e-01
3.339000000000000301e-01
3.330000000000000182e-01
3.331999999999999962e-01
3.340000000000000191e-01
3.350000000000000200e-01
3.345000000000000195e-01
3.349000000000000310e-01
3.351000000000000090e-01
3.351000000000000090e-01
