1.224800000000000055e-01
1.316400000000000070e-01
1.592200000000000004e-01
1.936000000000000221e-01
2.353400000000000214e-01
2.477200000000000235e-01
2.578199999999999936e-01
2.667200000000000126e-01
2.750400000000000067e-01
2.807800000000000296e-01
2.878400000000000403e-01
2.900000000000000355e-01
2.930800000000000072e-01
2.958600000000000119e-01
2.972000000000000197e-01
2.979400000000000381e-01
2.987800000000000455e-01
3.015400000000000302e-01
3.026000000000000356e-01
3.039200000000000235e-01
3.038399999999999990e-01
3.032800000000000495e-01
3.053600000000000203e-01
3.041400000000000214e-01
3.054600000000000093e-01
3.048600000000000199e-01
3.062800000000000522e-01
3.063600000000000212e-01
3.065599999999999992e-01
3.041400000000000214e-01
