4.301712149381637339e-03
4.274533683061599969e-03
4.215154671669006474e-03
4.072434371709823288e-03
3.877630278468132199e-03
3.789713224768638707e-03
3.726895496249198886e-03
3.668399670720100259e-03
3.620117595791816877e-03
3.578253108263015729e-03
3.563279354572295929e-03
3.545825877785682527e-03
3.530419945716858042e-03
3.513940158486366077e-03
3.500754103064536958e-03
3.494758981466293372e-03
3.488627073168754696e-03
3.481926709413528560e-03
3.476732698082924105e-03
3.469100448489189064e-03
3.466312876343727225e-03
3.463211768865585242e-03
3.461896115541458242e-03
3.458508467674255554e-03
3.455080515146255644e-03
3.453504914045333815e-03
3.452036651968956159e-03
3.450900501012802227e-03
3.449722924828529415e-03
3.448174533247947565e-03
