9.929999999999999938e-02
1.139000000000000012e-01
1.290999999999999925e-01
1.574000000000000121e-01
1.629000000000000170e-01
1.700000000000000122e-01
1.794000000000000039e-01
2.028999999999999970e-01
2.398000000000000131e-01
2.586999999999999855e-01
2.671000000000000041e-01
2.741000000000000103e-01
2.772999999999999909e-01
2.800000000000000266e-01
2.867000000000000104e-01
2.877000000000000113e-01
2.886000000000000232e-01
2.911000000000000254e-01
2.938999999999999946e-01
2.956000000000000294e-01
2.962000000000000188e-01
2.968000000000000083e-01
2.972000000000000197e-01
2.982000000000000206e-01
2.993000000000000105e-01
2.991000000000000325e-01
2.998000000000000109e-01
3.009999999999999898e-01
3.017000000000000237e-01
3.019999999999999907e-01
