3.693087825179100243e-03
3.683098113536834549e-03
3.668521252274513453e-03
3.629291439056396475e-03
3.525923544168472253e-03
3.461324346065521290e-03
3.393735909461975068e-03
3.322463029623031784e-03
3.246975180506706405e-03
3.166860809922218342e-03
3.127234515547752496e-03
3.090886256098747398e-03
3.057065623998642123e-03
3.026783177256584315e-03
2.999375569820403840e-03
2.986213684082031188e-03
2.973714667558669932e-03
2.961632692813873178e-03
2.950853779911995038e-03
2.939963164925575231e-03
2.935131216049194271e-03
2.930459994077682425e-03
2.925134819746017401e-03
2.920488008856773551e-03
2.915523302555084444e-03
2.913104090094566483e-03
2.910737901926040844e-03
2.908318951725959774e-03
2.905946302413940641e-03
2.903527414798736522e-03
