3.660434386134147830e-03
3.650731006264686627e-03
3.640730494260788121e-03
3.619496181607246427e-03
3.558035991787910669e-03
3.481568493843078399e-03
3.424222624301910285e-03
3.367198235392570519e-03
3.304515963196754617e-03
3.239752766489982418e-03
3.185325154662132195e-03
3.154560862183570895e-03
3.122895718812942426e-03
3.097213867902755876e-03
3.073408958315849114e-03
3.052619281411170747e-03
3.037569414973258827e-03
3.034863448739051617e-03
3.024694678783416708e-03
3.016007614731788713e-03
3.006123991608619737e-03
3.001735601425170683e-03
3.001031203269958515e-03
2.997515049576759440e-03
2.986895623207092097e-03
2.987313032746314895e-03
2.982857383489608775e-03
2.982177394628524655e-03
2.979508713483810297e-03
2.974916915893554767e-03
