9.304000000000001158e-02
1.053400000000000031e-01
1.221000000000000141e-01
1.425200000000000078e-01
1.504600000000000104e-01
1.573400000000000076e-01
1.674400000000000055e-01
1.773800000000000099e-01
2.037400000000000044e-01
2.354800000000000226e-01
2.446000000000000119e-01
2.465000000000000246e-01
2.529200000000000337e-01
2.565999999999999948e-01
2.593000000000000305e-01
2.626400000000000401e-01
2.662000000000000477e-01
2.648400000000000198e-01
2.649400000000000088e-01
2.708000000000000407e-01
2.710400000000000031e-01
2.698400000000000243e-01
2.712200000000000166e-01
2.699600000000000333e-01
2.726200000000000290e-01
2.727800000000000225e-01
2.731600000000000139e-01
2.730600000000000249e-01
2.718000000000000416e-01
2.751200000000000312e-01
