0.0033840970927476884
0.0028270234632492065
0.0026557978063821795
0.002587525628209114
0.0025154815769195555
0.002387838038802147
0.002350341012775898
0.0023328733551502227
0.002315928405225277
0.0023111216500401495
0.0022320851865410803
0.0022116965398192405
0.002216013390123844
0.002209575369954109
0.0021914778643846514
0.0021540767508745192
0.0021352271208167077
0.0021390016087889673
0.0021408905202150346
0.0021373996311426164
0.0021089592590928076
0.0021128096094727516
0.002107836474776268
0.0021003971999883652
0.0021026568359136582
0.002083843391537666
0.0020870731914043425
0.0020798210963606832
0.0020749709126353265
0.0020883168807625772
