0.0027388137406110765
0.002205506221652031
0.0020493395030498503
0.001984550045132637
0.0019309280157089233
0.0018039530938863755
0.0017648404490947724
0.0017533236321806908
0.0017377876287698747
0.0017323372113704682
0.0016649400106072427
0.0016477338960766792
0.0016369517627358437
0.0016315906980633736
0.0016255323892831802
0.0015896963295340537
0.0015803130209445953
0.0015689124447107316
0.0015757589283585548
0.0015597219294309617
0.0015483773976564406
0.0015381160032749176
0.0015332618156075478
0.0015350331243872643
0.0015350984358787536
0.001524792132973671
0.0015274534887075423
0.0015227064925432206
0.0015192803597450257
0.0015169416341185569
