0.0017093666020035743
0.0013565765333175659
0.0012962507189810276
0.001229792353361845
0.001215074725151062
0.0011225214505195618
0.001090217665731907
0.0010919666171073914
0.0010827041375637055
0.0010603781121969224
0.0010217184390127658
0.0010201720955967902
0.0010109752263128757
0.0009956491194665431
0.0009892666280269622
0.0009730248972773552
0.0009623800760507583
0.0009585593229532242
0.000960978370308876
0.0009563490024209022
0.0009364446398615837
0.0009384762267768383
0.0009356756304204464
0.0009393783587217331
0.0009318633008003235
0.0009179352882504463
0.0009196793508529663
0.0009191721947491169
0.0009233745186030865
0.0009226046997308731
