0.0012925861245393752
0.0011551808047294617
0.0011187114332616328
0.0010964283844828605
0.0010879548129439354
0.0010612160097062588
0.001051450808495283
0.0010412990337610244
0.0010362576794624328
0.0010304198995232583
0.0010155499647557735
0.001009176290333271
0.001006763799637556
0.0010010161575675011
0.000996413000524044
0.000990076802521944
0.0009886221808195115
0.0009907541467249394
0.000988058315962553
0.0009872316195070744
0.0009808272597193717
0.0009802576020359994
0.000982893325984478
0.0009811915127933026
0.0009805754129588605
0.0009793996419012547
0.0009783433020114898
0.0009774995185434818
0.00097913046464324
0.0009742538541555405
