8.787295594811439991e-04
8.358637392520904810e-04
8.188820429146289335e-04
8.103829726576805342e-04
8.060501843690872671e-04
8.043189689517021238e-04
8.030147746205329798e-04
8.018838219344615525e-04
8.009108498692512007e-04
8.001331023871898363e-04
7.997697241604327699e-04
7.994229547679423779e-04
7.991224952042103036e-04
7.988071784377098229e-04
7.985322318971156772e-04
7.983793430030346064e-04
7.982611246407032282e-04
7.981353245675563719e-04
7.980095088481902778e-04
7.978924885392188688e-04
7.978337153792381233e-04
7.977773889899253965e-04
7.977258659899234307e-04
7.976680994033813260e-04
7.976110987365245351e-04
7.975761935114860594e-04
7.975489005446434422e-04
7.975311748683452592e-04
7.974971912801265966e-04
7.974807932972908554e-04
