9.483042672276496962e-04
8.432433277368545045e-04
8.171116672456264036e-04
8.047172543406486264e-04
7.993249116837978108e-04
7.966490212082862890e-04
7.952137283980845964e-04
7.940781374275683851e-04
7.931752052903175360e-04
7.923688016831874998e-04
7.917796652019024007e-04
7.914165359735489359e-04
7.911126634478569388e-04
7.907904417812824374e-04
7.905458305776119242e-04
7.903227286040783155e-04
7.901798495650291234e-04
7.900952187180519063e-04
7.899673385918140178e-04
7.898567715287208154e-04
7.897885715961456676e-04
7.897173826396465318e-04
7.896482750773429560e-04
7.896130980551242318e-04
7.895462188124656704e-04
7.895155769586562717e-04
7.894688029587268365e-04
7.894478353857993600e-04
7.894202002882957014e-04
7.893899925053119186e-04
