1.249000000000000110e-01
1.207000000000000017e-01
1.158000000000000002e-01
1.108000000000000096e-01
1.068000000000000060e-01
1.058000000000000052e-01
1.060999999999999999e-01
1.087000000000000050e-01
1.057000000000000023e-01
1.069000000000000089e-01
1.059000000000000080e-01
1.045000000000000095e-01
1.057000000000000023e-01
1.060000000000000109e-01
1.055999999999999994e-01
1.062000000000000027e-01
1.053000000000000047e-01
1.044000000000000067e-01
1.055000000000000104e-01
1.050999999999999990e-01
1.040999999999999981e-01
1.050999999999999990e-01
1.053000000000000047e-01
1.044000000000000067e-01
1.047000000000000014e-01
1.045000000000000095e-01
1.050999999999999990e-01
1.045999999999999985e-01
1.052000000000000018e-01
1.053000000000000047e-01
