1.119600000000000040e-01
1.163400000000000128e-01
1.173600000000000060e-01
1.124800000000000105e-01
1.083400000000000057e-01
1.075000000000000122e-01
1.058800000000000019e-01
1.050200000000000022e-01
1.060800000000000076e-01
1.039800000000000030e-01
1.069800000000000056e-01
1.058600000000000096e-01
1.027800000000000102e-01
1.056000000000000133e-01
1.055200000000000027e-01
1.076800000000000118e-01
1.064600000000000130e-01
1.046600000000000030e-01
1.040200000000000152e-01
1.040200000000000152e-01
1.045600000000000140e-01
1.037600000000000050e-01
1.054800000000000043e-01
1.042600000000000054e-01
1.044800000000000034e-01
1.064000000000000085e-01
1.033600000000000074e-01
1.056800000000000100e-01
1.065200000000000036e-01
1.065800000000000081e-01
