0.3441511387163561
0.3451572531735575
0.35489876812410137
0.3700755562487863
0.36699055268096986
0.377480183912638
0.38650613014721874
0.3949397795441948
0.3884569250321394
0.3847770150927095
0.39050859310289715
0.40165640519179874
0.4076566961396422
0.40692987140130715
0.40879305683249306
0.40982390475279296
0.4187060600528294
0.4254519992624502
0.4295799180264718
0.43752422240184785
0.439532801011148
0.44207071997282243
0.44366997597599206
0.44582484624251784
0.44785499933252343
0.44874353817216106
0.45130555425995084
0.4536339749488209
0.4572404309045839
0.45757868049610606
