0.18914407602488098
0.21392699402510976
0.25574589947890697
0.2668607880483422
0.2857297667375323
0.28736723551895377
0.30124152292723466
0.3105668358388359
0.3223322941981208
0.3221407067495804
0.3246561988728385
0.3404603537906508
0.3459715534711104
0.3456546574901111
0.3477439619316159
0.3516688028000127
0.356020592608868
0.3605748616691661
0.3609532591266582
0.3622525579959109
0.3611855382278437
0.3667197465790878
0.36579614229388124
0.3702550590813856
0.3766211719920089
0.3793478505582796
0.3776208673607921
0.375972875164566
0.37763459436336955
0.38022985693859346
