0.01508713958978653
0.014219785838127136
0.014014032204151153
0.013966052465438843
0.013560127530097962
0.012605984468460084
0.012376876399517059
0.012283649477958678
0.012229495751857758
0.012205218224525452
0.011527238261699676
0.01144517192363739
0.011392194950580596
0.011298229105472565
0.011212958977222442
0.010931303069591522
0.010863027441501617
0.010834128940105438
0.010798452825546265
0.010733959274291991
0.010567564997673034
0.010556203529834747
0.010516080014705657
0.010533187379837036
0.010494616928100586
0.0103442906665802
0.010394268505573272
0.010349556632041932
0.010292928268909454
0.010332981250286102
