0.319591614525825
0.41103130311410707
0.43057156109987255
0.4452549030292977
0.44754591395332627
0.46288285971482207
0.4650126718076106
0.472207902542879
0.47512124947407564
0.48451908524989057
0.4906637912097112
0.49521919197240444
0.49583512173465266
0.49134873550590774
0.49684300323277475
0.4928042904618005
0.4936350134490889
0.49528660758856186
0.499251792958729
0.4977641137219381
0.5020400157410739
0.5046706891555538
0.5036430483919061
0.5057728829683075
0.5077111982741742
0.5088592965382177
0.5139580771620424
0.5151517732649208
0.5162094567232018
0.5194299470418006
