0.015013963599205017
0.012677140276432037
0.012038560242652893
0.011574416658878326
0.01125403737783432
0.010835342011451721
0.010711040291786194
0.01060843540430069
0.010539240736961365
0.010489100952148438
0.010225025327205657
0.010161731048822403
0.010191791858673097
0.010094830079078675
0.010092191313505174
0.009974253249168397
0.009936522860527038
0.009920570110082627
0.00990992693901062
0.00991827339887619
0.009823112593889237
0.009839746174812317
0.00985644919872284
0.009800008492469788
0.009799838436841965
0.009766220308542252
0.009740710291862487
0.009743257063627242
0.009758178038597107
0.009751535340547561
