0.01761890914916992
0.01643914679527283
0.01563254168510437
0.015155422265529633
0.0147866042137146
0.014475300614833831
0.014296836726665497
0.01407548846244812
0.013803543572425843
0.013572859425544738
0.01339041755437851
0.013283921449184418
0.013184660971164703
0.013104229621887207
0.0130286075258255
0.012944317893981934
0.01292523756980896
0.012901869621276856
0.01284272501707077
0.012822307951450347
0.012754091985225677
0.01278031867980957
0.012729909813404083
0.012746248111724853
0.012713151795864104
0.01270851199388504
0.012717574472427369
0.012682467279434204
0.012655791647434234
0.012670339992046356
