0.14378000000000002
0.23970000000000002
0.27530000000000004
0.30368
0.32164000000000004
0.33936000000000005
0.3432
0.35366000000000003
0.36408
0.37288000000000004
0.38210000000000005
0.38320000000000004
0.38884
0.39230000000000004
0.39546000000000003
0.40008000000000005
0.4001
0.39946000000000004
0.40478000000000003
0.40556000000000003
0.40758000000000005
0.40696000000000004
0.40996000000000005
0.40786000000000006
0.41068000000000005
0.4111
0.41008000000000006
0.41156000000000004
0.41230000000000006
0.41152000000000005
