0.015208759174346925
0.013029280776977539
0.012181521108150482
0.011595024244785309
0.01125653695821762
0.010831655983924866
0.010773403108119965
0.010641872198581696
0.010540071270465851
0.010489844629764556
0.010330645203590392
0.010229024484157563
0.010172708435058594
0.01012095175743103
0.010119195268154144
0.00999369785785675
0.010004021680355073
0.009973802709579468
0.009958909645080567
0.009941849423646927
0.009877496874332427
0.009819670584201813
0.009786355711221694
0.009847659641504287
0.009805374698638916
0.009788804321289063
0.009764046975374223
0.00977823679804802
0.009767198650836945
0.00975398313999176
