0.01519292984008789
0.01269281521320343
0.012017810447216034
0.01170090061903
0.011419598569869994
0.010910043880939484
0.010829694912433624
0.010676406061649322
0.010669008710384368
0.010547680760622024
0.010343056466579438
0.010278781368732452
0.010245655343532563
0.010233071148395539
0.010165486636161803
0.01005698579788208
0.010034559714794158
0.010015421996116639
0.010025876471996308
0.01003500652551651
0.00992819331407547
0.009912114210128784
0.009910522001981736
0.009937448395490647
0.009912850350141526
0.009856714777946472
0.009871325364112855
0.009870716522932053
0.009836377824544907
0.009866267745494843
