0.01585011600255966
0.013075281343460083
0.012216246569156647
0.011837831680774688
0.01154408144235611
0.011053886065483094
0.010892583014965058
0.01079717716217041
0.010723136637210846
0.010630519959926605
0.010367679228782654
0.010310289936065673
0.010301477757692338
0.010250512437820434
0.010226926159858703
0.010120590443611145
0.010037236983776093
0.010085666978359222
0.010067809798717499
0.010042746341228485
0.00997857587814331
0.009948356680870057
0.00995786856174469
0.009926749093532562
0.009970132088661194
0.009899365215301513
0.009925083315372467
0.009879009220600128
0.009888816508054734
0.009881628308296204
