0.014063431975841522
0.011730943460464478
0.010977758510112762
0.010401190118789674
0.010054358870983124
0.00960795781970024
0.009509434056282044
0.009462045468091965
0.00934718460559845
0.009286673085689544
0.009086081047058105
0.009057052546739578
0.009017759823799133
0.008994621560573578
0.008958365573883057
0.008860470322370528
0.00884467003107071
0.00878275943994522
0.008775685061216355
0.008791631145477295
0.008727622385025025
0.008664392277002334
0.008719426929950714
0.008712575644254685
0.008687917382717132
0.008627835631370545
0.008647345476150512
0.008649174990653992
0.00863546906709671
0.008645351158380509
