0.010948827784061432
0.008685815196037292
0.008059644484519958
0.007748459479808807
0.0075267937076091765
0.007086946501731872
0.007042905871868134
0.0069736945450305935
0.0069353613018989565
0.006855018937587738
0.006673487490415573
0.006601851748228073
0.006637654023170471
0.0065940041732788085
0.006571466329097748
0.00645506889462471
0.006466155171394348
0.0064445736479759215
0.006426248683929443
0.006404845980405808
0.006367071588039399
0.006351600693464279
0.006350812227725983
0.006347973796129227
0.006317119398117066
0.006335276111364365
0.006314711986780167
0.006295907295942306
0.006327422267198563
0.006259141119718551
