0.01388572511434555
0.011524971458911897
0.010805717394351958
0.010448909606933593
0.010133866708278656
0.009660837301015853
0.009524419275522233
0.009523311953544616
0.009347668907642364
0.009320597095489502
0.009047753739356994
0.009021404044628143
0.008960774784088134
0.008980096397399903
0.008933042979240418
0.008799985315799713
0.008836095784902572
0.00877720627784729
0.008750545986890793
0.008724754846096038
0.008703656184673308
0.008695698986053466
0.00864491108417511
0.008628117253780364
0.008610202221870422
0.008616417379379272
0.008610334931612014
0.008585942783355713
0.008586836601495743
0.008595848586559296
