0.01142109310388565
0.008993316816091538
0.00849267107963562
0.008102172515392303
0.007862851657867431
0.007433090809583664
0.007305524178743362
0.00721343649148941
0.007150424251556396
0.007125489491224289
0.006869685852527618
0.006879197263717651
0.006785345413684845
0.006794079319238663
0.0067598667907714845
0.0066717268311977385
0.006599164913892746
0.006632049589157104
0.006609225817918778
0.006585363372564316
0.006519277614355087
0.006544259159564972
0.006533279881477356
0.006521437115669251
0.006523866586685181
0.0064786743927001955
0.00647074884057045
0.006499791957139969
0.006482052578926086
0.006460765898227691
