0.01117508219718933
0.008635472729206084
0.008169516040086746
0.007918576694726944
0.0077088568758964535
0.007302531274557113
0.007225655786991119
0.0071744866907596586
0.007113090101480484
0.007069628221988678
0.006890716851949692
0.006812324668169022
0.006779883680343628
0.006732945982217789
0.006734126614332199
0.006674295197725296
0.006626127805709839
0.0066397541868686676
0.006636033103466034
0.006621167631149292
0.006566211739778519
0.006537241694927216
0.006548398312330246
0.006552670089006424
0.006547431515455246
0.006534954781532288
0.00648397530913353
0.006532530761957168
0.006495866359472275
0.006507834813594818
