0.014507881228923797
0.011773514680862426
0.010953070964813232
0.010440373682975769
0.010191221477985382
0.00973040400981903
0.00958277713894844
0.009498011872768402
0.009399658818244934
0.009334719235897064
0.009078537659645081
0.009045020536184311
0.009013464925289155
0.008976681468486786
0.008907634773254394
0.00883077659368515
0.008767504888772964
0.008803626288175583
0.008749435772895813
0.00869304684638977
0.008673472967147827
0.00863073206782341
0.008623993003368378
0.008608763293027878
0.008636159739494324
0.00858983280658722
0.008614741147756576
0.00860229754805565
0.008580292580127716
0.008574104371070862
