0.0008293871811032295
0.0007882851088047028
0.0007889452351629734
0.0007892399823665619
0.0007904377295076847
0.0007860333237051963
0.0007855946610867977
0.0007860352535545826
0.0007860529233515263
0.0007855906283855439
0.0007840660308301449
0.0007838947483897209
0.0007838561695814132
0.0007840536543726922
0.0007838947594165802
0.0007830307094752789
0.0007830022555589676
0.0007829820334911347
0.0007829772599041462
0.0007830417731404304
0.0007825592634081841
0.000782538176625967
0.0007825518833100795
0.0007825578594207763
0.0007825556437671185
0.0007822957114875317
0.0007822896681725979
0.0007822952616214753
0.0007822911924123764
0.0007822946991026401
