0.0008273976671695709
0.0007866100965440273
0.0007848672305047512
0.0007852697867155075
0.0007859989827871323
0.0007834275816380978
0.0007833939573168755
0.0007834622560441494
0.0007835825893282891
0.0007838153806328773
0.0007827784387767315
0.0007827385459840297
0.000782704219520092
0.00078268244728446
0.0007827103216946125
0.0007825294524431229
0.0007825143983960152
0.0007825011633336544
0.0007824877426028252
0.0007824719075858593
0.000782443660646677
0.000782435142993927
0.0007824298031628132
0.0007824228009581566
0.00078241897970438
0.0007824053052067757
0.0007824046079814434
0.0007824005730450153
0.0007823979343473911
0.0007823939387500286
