0.0008200716364383698
0.0007893268886208535
0.0007899011074006557
0.0007894472751021385
0.0007894283565878868
0.0007858769507706166
0.0007856767302751542
0.0007857166251540184
0.0007858063335716725
0.0007857631143927574
0.000784118223041296
0.0007839634680747986
0.000783934280127287
0.00078391914203763
0.0007840355701744556
0.0007829819822311401
0.0007830251878499985
0.0007830011646449566
0.0007829323799908161
0.0007829190400242805
0.0007824859796464443
0.0007825273458659649
0.0007824571906030178
0.0007824641874432564
0.000782469770014286
0.0007822609622776508
0.0007822633907198906
0.0007822328461706638
0.0007822347460687161
0.0007822549413144588
