0.017545541367530823
0.016842101202011107
0.016201519618034364
0.015328977234363555
0.014643037066459657
0.01410393072605133
0.013892956385612488
0.013708152794837952
0.013525083889961242
0.013351975016593933
0.013217433123588562
0.013136551649570465
0.013079512090682983
0.013020045042037964
0.012956142485141754
0.012893685474395752
0.012870919032096863
0.012836216332912445
0.012833277397155762
0.012804706213474274
0.012769406576156616
0.012777749514579773
0.012761687104701996
0.012726430423259735
0.01272757379770279
0.012688266143798829
0.012704457137584686
0.012698217489719391
0.012714615547657014
0.012695422260761261
