0.017848008313179016
0.01652098304986954
0.01527349389076233
0.014517531158924103
0.013952554378509521
0.013617124800682067
0.0134028688955307
0.01322532900094986
0.013085407726764678
0.012912565269470214
0.012816958746910094
0.012766771540641784
0.012692694187164306
0.012633410713672638
0.012602041182518006
0.012531401391029358
0.012525366442203522
0.012472504186630248
0.012456666784286499
0.012428797931671143
0.012421399166584015
0.012391891391277313
0.01238784334897995
0.012366173882484436
0.01235937150001526
0.012317581672668457
0.012355860252380372
0.012369145998954773
0.012307038655281067
0.0123236670088768
