0.017895508131980896
0.01637991222858429
0.015381899371147156
0.014855657091140747
0.014356454768180846
0.013921439023017883
0.013685319631099702
0.0133770525431633
0.013203437554836273
0.01303003927230835
0.01290859394311905
0.01281717975616455
0.012805160562992095
0.012743417856693268
0.01268027366399765
0.012622940287590027
0.012615597996711731
0.012592904357910157
0.012575606186389924
0.01252502878665924
0.01252072683095932
0.012514850132465363
0.012514098505973816
0.012468657517433167
0.01249028422832489
0.012495701866149901
0.012473475420475007
0.012442643973827362
0.012466534934043884
0.01243111382484436
