0.12918000000000002
0.22222000000000003
0.28640000000000004
0.32536000000000004
0.34966
0.3649
0.37042
0.38144000000000006
0.38476000000000005
0.38792000000000004
0.39568000000000003
0.39586000000000005
0.39972
0.40218000000000004
0.40582
0.40364000000000005
0.40762000000000004
0.40764000000000006
0.40814000000000006
0.40934000000000004
0.41218000000000005
0.4147
0.41034000000000004
0.4131
0.41272000000000003
0.41222000000000003
0.41346000000000005
0.41636
0.41352000000000005
0.41480000000000006
