0.01686928216457367
0.015767963440418243
0.014520205643177032
0.013718491098880767
0.0130317063331604
0.012526342799663543
0.012281901891231536
0.012062242140769959
0.011899353737831115
0.011737440783977508
0.011553878784179688
0.011518480319976807
0.01145684378862381
0.01140936550617218
0.01132102882862091
0.011271732125282288
0.011261927726268769
0.011213660876750946
0.01121733651638031
0.011180165543556213
0.0111540798163414
0.011136568033695221
0.011126817977428436
0.011112839407920837
0.011086820919513702
0.011120709714889526
0.011089757795333862
0.011070199699401855
0.011063596301078796
0.011055940222740174
