0.016929413714408873
0.015251758506298065
0.01410105367898941
0.013253632833957672
0.012701035556793213
0.01232939971446991
0.012160167520046235
0.012013027999401092
0.011936129069328309
0.011839727306365967
0.011726516029834747
0.011647883915901184
0.011643380880355835
0.011575517814159393
0.011552647709846497
0.011500739231109619
0.011463495981693267
0.011455907576084137
0.011414667344093323
0.011408664915561676
0.01138020721912384
0.01136030782699585
0.011372277054786682
0.011366304359436035
0.011327696630954743
0.011362623584270478
0.011347886064052582
0.011316313247680664
0.01133057804107666
0.011327391657829285
