0.017057700533866883
0.016482186031341554
0.014753948111534118
0.013990535368919373
0.013225553843975068
0.012622294783592223
0.01241491133928299
0.012194285876750945
0.012068851211071015
0.011946176245212554
0.011850835704803466
0.0118065225481987
0.011720684719085694
0.011663671860694886
0.011627321166992187
0.011573603079319001
0.011531873970031739
0.011534682252407074
0.011509593682289123
0.011499528348445892
0.011474637825489045
0.011453754243850709
0.011444090869426727
0.011420798976421356
0.011410190315246581
0.011378704714775086
0.011392578332424163
0.011387750878334045
0.011396736595630647
0.011373934271335602
