0.014089811928272248
0.012502739264965057
0.011777682049274445
0.011085073943138122
0.010178160927295685
0.009645581634044647
0.009418023991584777
0.009266206080913544
0.009110674496889114
0.00899587569952011
0.008902528755664826
0.008891417852640152
0.008831755260229111
0.008791193515062332
0.008768844102621078
0.008720352692604065
0.008695476964712142
0.008666037362813949
0.00865195006608963
0.008648389401435853
0.008622157956361771
0.008633774724006654
0.00860909013390541
0.0085916162109375
0.00859429726600647
0.008562137089967727
0.008569336858987808
0.00857002119064331
0.008582876304388046
0.008545310760736466
