0.014497257606983185
0.01317027088880539
0.01143047625541687
0.010543206524848938
0.009933723101615905
0.009609273595809936
0.009400794911384583
0.009218505039215088
0.00903832215309143
0.008846062632799148
0.008684808350801468
0.00867742874622345
0.008616103402376176
0.008545089861154556
0.008499234549999237
0.008479312953948975
0.008450703616142273
0.008442746698856354
0.008416628168821334
0.008408864089250564
0.008385954719781876
0.008375308640003205
0.008351416914463044
0.00835421919941902
0.00836953498840332
0.008350249972343444
0.008356056208610534
0.008330824022293092
0.008332411781549453
0.008325946791172028
