0.014530394830703735
0.013287475929260254
0.011872821907997131
0.010944321126937866
0.010215371131896973
0.00972916121006012
0.009475313761234283
0.00926912503004074
0.009029269213676453
0.008920218640565872
0.008757969045639039
0.008732025343179703
0.008644499452114105
0.00864015501856804
0.0085965280854702
0.00855563883304596
0.008545675663948059
0.008518510941267014
0.008452535187005996
0.008492901470661163
0.008450872235298158
0.008454396184682847
0.008435168323516845
0.008448973338603973
0.008423146140575408
0.00843454943060875
0.008422238758802414
0.008415226808786392
0.008399210529327393
0.008398740570545196
