0.014820104887485504
0.013929528679847718
0.013813848972320558
0.013741445181369782
0.013655985634326935
0.012789064340591431
0.012415002698898316
0.012290712418556213
0.012177920348644256
0.012110803833007812
0.011427859461307525
0.011316308796405793
0.011231193759441377
0.011168445744514465
0.011149391014575958
0.010658333282470704
0.01058793426990509
0.010464918396472931
0.010376290185451508
0.010398729362487792
0.010148388042449951
0.01009826446533203
0.010060498546361924
0.01000794855117798
0.009957062768936157
0.00982214627623558
0.00980978190422058
0.009787573375701904
0.009789114567041396
0.009784021546840667
