0.015597977986335755
0.014387810046672821
0.01410845104932785
0.013875400049686432
0.013807142424583436
0.012867195551395417
0.012692622194290161
0.012620053215026855
0.012463814964294434
0.012454185421466828
0.011853881273269654
0.01161255063533783
0.011569669342041016
0.011490210728645325
0.011483125336170196
0.011062855644226073
0.01095089024066925
0.010967467410564423
0.010886807403564453
0.01086045975446701
0.010644761457443237
0.010550083029270171
0.010535758957862854
0.01050586105108261
0.010503000588417053
0.010346334471702575
0.010386002850532532
0.010336232585906982
0.010328964834213257
0.010374535639286041
