0.01531619368314743
0.014251631054878235
0.013908642311096191
0.013730834081172942
0.013644370932579041
0.012740970149040222
0.012525797894001007
0.012374593017101287
0.012304496364593506
0.012293273506164552
0.01167518171787262
0.01153438791513443
0.01140331065416336
0.011330464699268341
0.011258651249408723
0.010850326294898988
0.010836118047237397
0.010726304640769959
0.010687031691074371
0.010666909356117249
0.010394460046291352
0.010327601473331451
0.01033277826309204
0.010294815340042115
0.010273814132213592
0.010162158751487732
0.010119578642845154
0.01013427349805832
0.010092832942008972
0.010069379932880401
