0.013745233476161956
0.012496448812484741
0.012407936446666717
0.012312776114940643
0.012159308497905731
0.011239415233135224
0.011032560832500458
0.010824607083797455
0.010754063711166382
0.010723100032806396
0.010142443739175796
0.009976697738170623
0.009914242718219756
0.00988182277917862
0.009845628347396851
0.009479275131225587
0.009369034190177917
0.009367758668661118
0.00932862716794014
0.009241618317365646
0.00905150525212288
0.009001557132005691
0.009025622130632401
0.008998342860937118
0.008941501772403717
0.008813099635839462
0.00883331998348236
0.008798429164886474
0.008760425145626067
0.008723082238435745
