0.01111322988986969
0.009943175299167634
0.009677196230888366
0.00965842313170433
0.009525174244642257
0.008643921616077422
0.008479740777015686
0.008335915894508363
0.008355464861392974
0.008316723612546921
0.007775312643051147
0.0076784092330932615
0.0075837524592876435
0.007549703034162521
0.007542564356327057
0.0072140204799175265
0.007165492488145828
0.007150517302751541
0.007097425994873047
0.0070980371403694155
0.006949101696014404
0.006910703784227371
0.006895023124217987
0.0068894661903381345
0.006882262445688248
0.006776460281610489
0.006714567649364471
0.006699349882602692
0.006733968471288681
0.006700177286863327
