0.013919470932483673
0.01310693687915802
0.012917749514579772
0.0127492293715477
0.012640299897193908
0.011533479118347168
0.011200142524242401
0.011033433768749237
0.010932965383529662
0.010889323694705964
0.010234116036891937
0.010119090749025344
0.009989843833446503
0.009949943441152572
0.009880361638069152
0.009476036863327026
0.009404507228136063
0.009323583632707596
0.009345374901294709
0.009277325143814087
0.008991900551319123
0.008966332103013992
0.008993305654525757
0.008904028782844544
0.008928988691568374
0.008740351103544236
0.008694900385141372
0.008723148204088212
0.008700014868974686
0.008661295510530471
