0.014108024332523346
0.012982512938976287
0.01263759155035019
0.012274558513164521
0.012154343147277832
0.011206041219234467
0.010918054859638215
0.010849930667877197
0.010805115542411804
0.010693937363624572
0.010268027284145356
0.010088269972801208
0.010082250009775163
0.009964901547431945
0.009925546404123306
0.009626932017803192
0.009544486603736878
0.009475498467683792
0.009463305150270463
0.009479440910816192
0.009257893750667571
0.009190995002985
0.00917752169251442
0.009151990783214568
0.00916919280409813
0.009040988470315934
0.009040400847196579
0.009023811542987823
0.009027740939855576
0.008999706860780715
