0.011537082264423371
0.010916371490955352
0.010178818521499634
0.009898522152900695
0.009843868268728257
0.009158848943710328
0.008904219107627868
0.008816556469202042
0.008713789316415787
0.008658075523376465
0.008127808482646942
0.008000134333372115
0.007929685809612274
0.00785071286559105
0.00780709056019783
0.007550122133493423
0.00745817996263504
0.007452934460639954
0.007335908715724945
0.007361379208564759
0.007149598970413208
0.007135146859884262
0.007119593720436096
0.007086193455457687
0.007104799194335937
0.00697209862112999
0.006966541005373001
0.006962111958265305
0.006925454032421112
0.0068834088456630705
