0.011167220621109008
0.010136626155376435
0.010031610531806946
0.010040385138988495
0.010017245732545853
0.009232623254060745
0.009006406207084657
0.008896608998775483
0.008769812487363816
0.008765196195840836
0.008180778241157531
0.008061838093996049
0.007992628732919694
0.007929431231021881
0.007859712793827058
0.007572373570203781
0.007452367177009583
0.007439389777183533
0.007379817898273468
0.007332272716760635
0.007144386780261993
0.007118087887763977
0.0070486032569408415
0.007028403437137604
0.007026874854564667
0.006970826352834702
0.006905504952669144
0.006907294199466705
0.006900007416009903
0.00688835142493248
