0.0008654447796940804
0.0008577318741381168
0.0008581732618808747
0.000861728840470314
0.0008613761676847934
0.0008213503973186016
0.0008218638935685158
0.0008207177756726742
0.0008232115329802036
0.0008203157286345959
0.0008018780723214149
0.0008007520037889481
0.0008017985481023789
0.0008024068285524845
0.0008012100598216057
0.0007917445355653763
0.0007918963804841041
0.0007914946165680886
0.0007915311494469643
0.0007914980894327164
0.0007871832385659218
0.0007865782372653484
0.0007866141201555729
0.000786721918284893
0.0007869534565508366
0.0007845861800014973
0.0007844134324789048
0.0007843738529086112
0.0007843836626410484
0.0007843362537026406
