0.0008610681204497814
0.0008672930455207824
0.0008557879635691642
0.0008586015032231808
0.0008577034859359264
0.0008224997925758362
0.0008210239638388157
0.0008196039675176143
0.0008225448888540268
0.0008208243927359581
0.0008022518463432789
0.0008020939402282238
0.0008016264189779758
0.0008016181330382824
0.0008022917690873146
0.000791333596855402
0.0007919797709584236
0.0007912262010574341
0.0007913898362219334
0.000791389632076025
0.0007867125137150288
0.0007868491123616695
0.0007866863718628883
0.0007868597310781479
0.0007863606192171573
0.0007844297355413437
0.0007844302353262902
0.0007844884069263935
0.0007843485222756863
0.0007845109669864178
