0.0008674899339675904
0.0008590816660225391
0.0008577552877366542
0.0008593421341478825
0.0008575161699950695
0.0008187585330009461
0.0008201737175881862
0.0008196994704008102
0.0008216607725620269
0.000819305595010519
0.0008020904892683029
0.0008016857281327248
0.0008004330432415009
0.0008012516093254089
0.0007998463606834411
0.0007920993307232857
0.0007914524000883102
0.000791992517709732
0.0007906621631979942
0.0007918636126816273
0.0007866875670850277
0.0007871730709075928
0.000786551598161459
0.0007868812246620656
0.0007868702428042889
0.000784443183541298
0.000784520256370306
0.0007843719549477101
0.000784296812415123
0.0007845368959009647
