0.11366000000000001
0.21968000000000001
0.27724000000000004
0.30842
0.33990000000000004
0.36106000000000005
0.36850000000000005
0.37778
0.38262
0.38998000000000005
0.39446000000000003
0.39826000000000006
0.40234000000000003
0.40492000000000006
0.41090000000000004
0.40968000000000004
0.41492
0.41574000000000005
0.4161
0.4151
0.42046000000000006
0.42166000000000003
0.42074000000000006
0.42348
0.42218000000000006
0.42282000000000003
0.42154
0.42546000000000006
0.42562000000000005
0.42752
0.42764
0.42486
0.42590000000000006
0.42628000000000005
0.4267
0.4268
0.42672000000000004
0.42754000000000003
0.42694000000000004
0.42792
0.42438000000000003
0.42894000000000004
0.42822000000000005
0.42928000000000005
0.42852
0.42890000000000006
0.42692
0.42692
0.42940000000000006
0.42944000000000004
0.42612000000000005
0.42586
0.42594000000000004
0.42890000000000006
0.42732000000000003
0.4248
0.42698
0.42578000000000005
0.42836
0.42694000000000004
0.42414
0.42704000000000003
0.42596000000000006
0.42852
0.42602
0.4297
0.42716000000000004
0.42702
0.4277
0.42732000000000003
0.42664
0.42802
0.42554000000000003
0.42618000000000006
0.42800000000000005
0.42914
0.42698
0.42664
0.42734000000000005
0.42808
0.42936
0.42778000000000005
0.42872000000000005
0.42710000000000004
0.42606000000000005
0.42856000000000005
0.42592
0.42404000000000003
0.42832000000000003
0.42796000000000006
0.42986
0.42838000000000004
0.43082000000000004
0.42636
0.42790000000000006
0.42540000000000006
0.42668000000000006
0.42516000000000004
0.42596000000000006
0.42772000000000004
