0.017935950083732603
0.016590258011817932
0.01546247181892395
0.01478259884595871
0.014159195556640625
0.013755705652236938
0.013580849785804748
0.013407559366226196
0.01328072705745697
0.01312986202955246
0.013028567893505096
0.012927315900325776
0.012876185801029205
0.01280799429655075
0.012709615836143493
0.01268051946401596
0.012653486995697022
0.012638370769023896
0.012574487822055816
0.012590364491939544
0.012525227844715119
0.012517706789970398
0.012517793641090394
0.012471041963100433
0.012474740939140319
0.012469156818389893
0.012483629808425904
0.012426321494579316
0.01244528371334076
0.012435552291870117
0.012392176394462585
0.01242838819026947
0.012433153450489044
0.012424655866622924
0.012405206480026245
0.012394588606357575
0.01240176916360855
0.012373638100624085
0.012396880075931548
0.012399925417900085
0.012412783806324006
0.012367285523414612
0.012404209911823273
0.012400967700481415
0.01239236998796463
0.012411034817695617
0.012393644623756408
0.012399100742340088
0.012379130527973174
0.01236373449087143
0.012405562653541565
0.012379020392894746
0.012418254234790801
0.012372639982700348
0.012397497282028198
0.012415739471912384
0.012387746579647065
0.01241406579732895
0.01236961147069931
0.012376778903007507
0.012416123123168945
0.012416141645908355
0.01239896712064743
0.012370974004268646
0.012388584597110749
0.012375066149234771
0.01238046870470047
0.012394919815063476
0.012401402351856232
0.012384722547531127
0.01238828922510147
0.012386536989212035
0.012411512734889983
0.012373130633831024
0.012381330423355102
0.01237901533126831
0.012387719638347625
0.012398121795654297
0.012384566495418548
0.012378796968460082
0.012374284434318542
0.012389991121292115
0.012372484123706817
0.012396156625747681
0.012386186985969544
0.01237490059375763
0.012401365509033204
0.01240359512090683
0.012421357560157775
0.012400900855064392
0.012362952501773834
0.012393829374313355
0.012381393723487854
0.012404922180175781
0.012374857685565949
0.012412487301826477
0.01240665421962738
0.012377601952552796
0.012396356546878816
0.012388752286434174
