0.16866
0.26352000000000003
0.31074
0.33330000000000004
0.35472000000000004
0.36752
0.37472000000000005
0.38034
0.38710000000000006
0.39392000000000005
0.40196000000000004
0.40844
0.4072
0.41232
0.40972000000000003
0.41404
0.41312000000000004
0.41772000000000004
0.41926
0.41938000000000003
0.42108
0.41908
0.41872000000000004
0.42094000000000004
0.4238
0.42318000000000006
0.42388000000000003
0.42212000000000005
0.42404000000000003
0.42204
0.42398
0.4237
0.42700000000000005
0.4228
0.42206000000000005
0.42412000000000005
0.42478000000000005
0.42300000000000004
0.42694000000000004
0.42502
0.4247
0.42162000000000005
0.42562000000000005
0.42054
0.42522000000000004
0.42602
0.42446000000000006
0.42432000000000003
0.42662000000000005
0.42462000000000005
0.42094000000000004
0.42574
0.42644000000000004
0.4248
0.42632000000000003
0.42384000000000005
0.42310000000000003
0.42558
0.42176
0.42440000000000005
0.42204
0.42374000000000006
0.42628000000000005
0.4258
0.42428000000000005
0.42590000000000006
0.42642
0.42656000000000005
0.42498
0.42402
0.42658
0.42672000000000004
0.42468000000000006
0.42494000000000004
0.42236
0.4258
0.42554000000000003
0.42510000000000003
0.42432000000000003
0.42296000000000006
0.42360000000000003
0.42396000000000006
0.42558
0.42184000000000005
0.42658
0.4252
0.42628000000000005
0.42442
0.42784000000000005
0.4248
0.42562000000000005
0.42648
0.42666000000000004
0.42266000000000004
0.42348
0.42642
0.42254
0.42594000000000004
0.42416000000000004
0.42742
