0.01667599271774292
0.014945732936859132
0.0138091371011734
0.013327215304374695
0.012918255007266998
0.012585457935333251
0.012396356763839721
0.012198064393997192
0.012016144890785218
0.011840271801948547
0.011713424038887024
0.011604399151802064
0.01157591220140457
0.011518405351638793
0.0114950173163414
0.01142336154460907
0.01139500146150589
0.011332062158584595
0.011331786673069
0.011313585877418517
0.011289219002723694
0.01128491703748703
0.011270413472652435
0.01126201553106308
0.011256729147434235
0.011230040504932403
0.011234210162162781
0.011250089151859283
0.011239453520774842
0.01121297353029251
0.011217285568714142
0.011224185879230499
0.011205612940788269
0.011202698357105256
0.011231270036697388
0.011201892263889313
0.01118002501487732
0.011212990353107452
0.011173969209194183
0.011188677723407746
0.011166881859302522
0.011192210326194763
0.011191210181713105
0.01122856968164444
0.011182357363700867
0.01117954627275467
0.011187910332679749
0.011203270196914673
0.011212766792774201
0.011200775287151337
0.011188959844112396
0.01119558220386505
0.011199716897010803
0.011195703358650208
0.011185257241725921
0.01123438274383545
0.011176270384788514
0.01118303031682968
0.01120923926115036
0.011184155263900757
0.01122556388616562
0.011191003615856171
0.011192915976047517
0.011169248492717743
0.01120066662311554
0.011184967708587646
0.011195690231323243
0.011166623649597168
0.011199023406505585
0.01119612331867218
0.011158629229068757
0.011187051734924316
0.011190219089984894
0.011188279685974122
0.011199725496768951
0.011199751653671264
0.01119323089838028
0.011164472045898438
0.01119937222957611
0.011185877211093903
0.011186817560195923
0.0111913778090477
0.011197885847091674
0.01120661254644394
0.011186239893436431
0.011197891125679016
0.011179074530601501
0.011202438228130341
0.011205084073543549
0.011194437289237975
0.011178995780944825
0.011182203543186187
0.011188632891178132
0.011202100870609284
0.011193472375869751
0.0111627361702919
0.011207119562625885
0.011174961836338043
0.011185456051826477
0.011181555099487305
