0.16110000000000002
0.25022
0.28856000000000004
0.32084
0.34328000000000003
0.35476
0.36184000000000005
0.37018
0.37712
0.38158000000000003
0.38872
0.39158000000000004
0.39794
0.39870000000000005
0.40288
0.40626
0.40712000000000004
0.40926
0.41108000000000006
0.41104
0.41358000000000006
0.41304
0.41606000000000004
0.41600000000000004
0.41584000000000004
0.41794000000000003
0.41684000000000004
0.41764
0.41558000000000006
0.4172
0.41688000000000003
0.41816000000000003
0.41916000000000003
0.42016000000000003
0.41932
0.41950000000000004
0.41976
0.41882
0.41808
0.42328000000000005
0.42164
0.41634000000000004
0.42094000000000004
0.41940000000000005
0.4203
0.41962000000000005
0.42278000000000004
0.41990000000000005
0.42176
0.42160000000000003
0.42040000000000005
0.41852000000000006
0.42098
0.42100000000000004
0.4227
0.42062000000000005
0.41940000000000005
0.4203
0.4218
0.41726
0.41948
0.42060000000000003
0.42034000000000005
0.42154
0.42168000000000005
0.41882
0.41980000000000006
0.41906000000000004
0.42116000000000003
0.41814
0.42264
0.42004
0.42254
0.41972000000000004
0.41780000000000006
0.42128000000000004
0.42146000000000006
0.41980000000000006
0.42118000000000005
0.4223
0.42068000000000005
0.41852000000000006
0.42126
0.41916000000000003
0.42042
0.41868000000000005
0.41806000000000004
0.41994000000000004
0.42174000000000006
0.42008
0.41868000000000005
0.42152000000000006
0.41956000000000004
0.42026
0.42232000000000003
0.42200000000000004
0.41964
0.41802000000000006
0.42458
0.42142
