0.01393070119857788
0.012401769783496856
0.01156329644203186
0.010894620299339294
0.010366145107746125
0.010026961486339568
0.009833902864456177
0.009651714429855346
0.009493533074855804
0.009349423056840897
0.009209596164226532
0.009138935751914977
0.009060480556488037
0.009015240918397904
0.008953777190446854
0.008905007915496825
0.008849463027715682
0.008827895991802216
0.008786766525506973
0.008781846399307252
0.008749788510799408
0.008748280906677246
0.008733680626153945
0.008708629902601243
0.00867150149822235
0.008688704106807709
0.008662220969200135
0.008650342228412627
0.008694561923742294
0.008648128690719604
0.00867571668624878
0.008647283766269684
0.008646424382925033
0.008641061007976531
0.00862427404642105
0.008627779403924942
0.008614793524742127
0.008639825310707092
0.008641801863908768
0.008616644738912582
0.008608357772827148
0.00865816964507103
0.008655166230201721
0.008599931844472886
0.008642038706541061
0.008625962771177291
0.008613088088035584
0.008618358882665635
0.008592360138893128
0.008622541264295578
0.008616404588222503
0.008611462951898574
0.00862554880976677
0.008629288136959077
0.008599651515483857
0.00861042998790741
0.008625578016042709
0.008628051714897157
0.008615250971317292
0.008623628870248794
0.00861220419049263
0.008617062224149704
0.008622960542440414
0.0086097987306118
0.008590612680912019
0.00861115758419037
0.00863443583726883
0.008621641410589218
0.00861433938384056
0.00862162390589714
0.008608556016683578
0.00862519426226616
0.00861314623594284
0.008619484038352967
0.008601879727840423
0.008609556176662444
0.008627375544309616
0.008635551394224167
0.008612037327289582
0.008633162578344344
0.008624462801218032
0.00862154272198677
0.008625581634044647
0.008625478715896607
0.00858968271970749
0.008603281555175781
0.008603492177724839
0.008615619608163833
0.008598796689510345
0.008609062384366989
0.008611635469198227
0.00862366049170494
0.008614368588924408
0.008636846655607223
0.008602910631895066
0.008617173045873642
0.008632489066123962
0.008618811178207397
0.008608028045892715
0.008616904963254929
