0.017983428678512572
0.01756868498325348
0.016489361295700073
0.014933573138713836
0.014160354194641114
0.013728692696094513
0.013552728962898254
0.013351768457889556
0.013218381807804108
0.01310317245721817
0.012931851239204407
0.012885357904434205
0.012825134167671203
0.012795451653003692
0.01273668835401535
0.012706124932765961
0.01267846830844879
0.012647942066192627
0.012598715524673463
0.012591183521747588
0.012548571960926055
0.012532371141910553
0.012510929157733917
0.01251895934343338
0.012511272921562195
0.012499069848060608
0.01249104888677597
0.012488799788951874
0.012475019516944885
0.012484339768886566
0.012467262094020843
0.012481680054664612
0.012424124188423157
0.01248501163482666
0.012450125060081483
0.012450719769001008
0.01246687298297882
0.012464359502792358
0.01246035726070404
0.012458494670391083
0.012450340180397033
0.012451626796722412
0.01244528512954712
0.012461546432971954
0.012460288109779357
0.012458607449531554
0.012452216403484345
0.012453640599250793
0.012419814982414245
0.012472452044487
0.012453213419914245
0.01246105020046234
0.012428480341434478
0.012429493734836579
0.012465029923915863
0.01247118461370468
0.012448916082382203
0.012444335701465607
0.012455593042373658
0.012430613777637482
