0.016649922852516173
0.014971089026927948
0.014008278143405915
0.013394347341060639
0.012813003575801849
0.012315590929985047
0.012059623625278473
0.011884153201580048
0.011722619545459747
0.011643099751472473
0.011482941496372223
0.011476838660240173
0.01137923095703125
0.011378589706420899
0.01133961537361145
0.011283448460102081
0.011249353229999542
0.011219925334453583
0.01122731520652771
0.01122371682882309
0.011173238027095795
0.011171766562461853
0.011177136898040771
0.011146845779418945
0.011166227931976318
0.011128821122646331
0.011146282877922058
0.01111958334684372
0.011128631191253662
0.011138090393543243
0.011133319804668427
0.01111062417268753
0.011111120009422302
0.011097710025310516
0.011113270676136017
0.011115219287872314
0.011104023456573487
0.01109690939426422
0.011126870300769805
0.011093512868881225
0.01110449836730957
0.011102955713272095
0.011115600543022157
0.011109285109043122
0.011108768327236175
0.011085626230239868
0.011098863513469696
0.01108878905057907
0.011117152247428893
0.011077380611896516
0.01109478502035141
0.011123499386310578
0.011062188174724579
0.011092744727134705
0.011087194049358368
0.011127211027145386
0.011094855878353118
0.01107601315498352
0.01110946132659912
0.011077159850597382
