0.10410000000000001
0.18422000000000002
0.26302000000000003
0.3057
0.34336000000000005
0.36864
0.38168
0.38508000000000003
0.39270000000000005
0.40014000000000005
0.40650000000000003
0.40698
0.40974000000000005
0.41314
0.41416000000000003
0.41834000000000005
0.42026
0.41884000000000005
0.42286
0.4212
0.42264
0.42290000000000005
0.42536
0.42522000000000004
0.42322000000000004
0.42682000000000003
0.42618000000000006
0.42862000000000006
0.42762000000000006
0.42698
0.42626000000000003
0.42874
0.42950000000000005
0.42772000000000004
0.42556000000000005
0.42804000000000003
0.42850000000000005
0.43014
0.43096
0.43096
0.42862000000000006
0.42910000000000004
0.43008
0.42700000000000005
0.42996
0.42928000000000005
0.42952
0.42818000000000006
0.42772000000000004
0.42734000000000005
0.42906000000000005
0.42752
0.43028000000000005
0.42984000000000006
0.42682000000000003
0.42666000000000004
0.42688000000000004
0.42858
0.43074
0.42942
