0.11694000000000002
0.16596000000000002
0.23066000000000003
0.30988000000000004
0.341
0.36300000000000004
0.37358
0.38066000000000005
0.38718
0.39288
0.40098000000000006
0.40442000000000006
0.40606000000000003
0.40862000000000004
0.41074000000000005
0.41232
0.41100000000000003
0.41680000000000006
0.4181
0.41568000000000005
0.42074000000000006
0.42136
0.42194000000000004
0.42098
0.42040000000000005
0.42198
0.42114
0.42302
0.42424000000000006
0.4242
0.4222
0.42288000000000003
0.4258
0.42226
0.42576
0.42732000000000003
0.42436
0.42424000000000006
0.42576
0.42398
0.42442
0.42476
0.42276
0.42356000000000005
0.42252000000000006
0.41974000000000006
0.42360000000000003
0.42390000000000005
0.42598
0.4232
0.42494000000000004
0.42268000000000006
0.42432000000000003
0.42528000000000005
0.42358
0.42376
0.42484000000000005
0.42074000000000006
0.42326
0.42338000000000003
