0.014553407578468323
0.01365665103673935
0.012211753554344177
0.011180642726421356
0.010165439982414246
0.009607578057050705
0.009390977308750152
0.009267165006399155
0.00912613624215126
0.008979428631067276
0.008848096837997437
0.008826389575004577
0.008762932982444764
0.008729632979631424
0.008658478938341142
0.00862405285000801
0.008573074382543565
0.00856853324174881
0.008522444177865983
0.00855168088197708
0.008493997811079025
0.00851485148191452
0.008479079866409302
0.008464566078186036
0.008481992820501327
0.008449468088150024
0.008435881791114807
0.008454358713626861
0.008408736084699631
0.008444884963035583
0.008438173878192902
0.008431722840070724
0.008391758292913437
0.008416556216478348
0.00844421874165535
0.008407962076663972
0.008394844233989715
0.008389471352100372
0.008396981247663499
0.008392042623758316
0.00841494881272316
0.008409862368106842
0.00837844168663025
0.00841366029381752
0.008399423694610596
0.008389313266277313
0.008378875041007995
0.0084282022356987
0.008411186240911485
0.008397075392007828
0.008415946749448776
0.008404723988771439
0.008404693351984025
0.008391632770299912
0.008427357560396195
0.00843621276974678
0.008402286933660507
0.008366262258291245
0.008383969551324845
0.008394625543355941
