0.017990581860542296
0.017720017671585084
0.016382582807540895
0.015503776533603669
0.01498839527130127
0.014549627828598023
0.014280544872283935
0.014092454535961151
0.013894431052207947
0.01371158685207367
0.013594179363250733
0.01348223279953003
0.013418961930274963
0.013350277502536773
0.013299340534210205
0.013226324253082275
0.013174213845729827
0.013139587993621827
0.013117197315692901
0.013058568317890167
0.013020441234111786
0.012996325650215149
0.01300211369752884
0.012997999670505524
0.012955468163490295
0.012950603723526001
0.01293386801481247
0.012921399104595185
0.012927055745124818
0.01290783481836319
0.012906299145221711
0.012897768869400025
0.012884804146289825
0.012907503399848938
0.012882371799945832
0.012890274217128754
0.012887073500156403
0.01287848030090332
0.012897088916301726
0.01288223940372467
0.012853024880886079
0.012865165464878082
0.012855066928863526
0.01288843301296234
0.012880768034458161
0.012859967336654662
0.012861077542304993
0.01286249278306961
0.0128642520236969
0.012854701426029205
0.012888575341701507
0.012880740871429444
0.012878292324543
0.012872663638591766
0.012895267515182496
0.012850569424629211
0.012854591975212097
0.012871618995666504
0.012860987451076507
0.012848694949150086
