0.14838
0.26124
0.30152
0.32812
0.35372000000000003
0.37454000000000004
0.38648000000000005
0.38898000000000005
0.39932
0.39834
0.41112000000000004
0.41218000000000005
0.41330000000000006
0.41264
0.41578000000000004
0.41694000000000003
0.41802000000000006
0.42374000000000006
0.42222000000000004
0.42176
0.42398
0.42282000000000003
0.42438000000000003
0.42472000000000004
0.4233
0.42594000000000004
0.42524000000000006
0.42384000000000005
0.42392
0.42490000000000006
0.42792
0.42596000000000006
0.42706000000000005
0.4287
0.42666000000000004
0.42990000000000006
0.42946
0.42688000000000004
0.42758
0.42872000000000005
0.42852
0.42748
0.42608
0.42742
0.42832000000000003
0.42774
0.4282
0.42944000000000004
0.42510000000000003
0.42916000000000004
0.42958
0.4273
0.42962000000000006
0.42772000000000004
0.43026000000000003
0.42748
0.42742
0.42756000000000005
0.42966000000000004
0.4282
