0.11572
0.16796000000000003
0.24768
0.2871
0.3078
0.33082
0.34264000000000006
0.34688
0.35758
0.36440000000000006
0.36992
0.37294000000000005
0.37860000000000005
0.38054000000000004
0.38364000000000004
0.38560000000000005
0.3904
0.39230000000000004
0.38962
0.39304000000000006
0.39690000000000003
0.40036000000000005
0.39712000000000003
0.39670000000000005
0.40076
0.40130000000000005
0.39904
0.40284000000000003
0.39894
0.40138
0.40294
0.40196000000000004
0.39932
0.4021
0.40048000000000006
0.40234000000000003
0.40276
0.40368000000000004
0.40030000000000004
0.40420000000000006
0.40266
0.40618000000000004
0.40472
0.40308000000000005
0.40448
0.40330000000000005
0.40432
0.40292000000000006
0.40368000000000004
0.40604
0.40130000000000005
0.40106
0.4031
0.40512000000000004
0.40216
0.40628000000000003
0.40482
0.40198000000000006
0.40168000000000004
0.40548
